3 0 1271
3 0 465
8 0 1422
10 0 3020
10 0 959
10 0 184
10 0 276
10 0 1484
10 0 72
10 0 3167
10 0 1532
10 0 1724
10 0 148
10 0 2455
10 0 3587
10 0 1328
15 0 561
15 0 3460
24 0 2010
24 0 3115
24 0 3194
24 0 2949
24 0 167
24 0 923
24 0 2374
24 0 797
24 0 1253
24 0 672
24 0 3997
26 0 3368
27 0 2789
28 0 2060
28 0 2403
29 0 899
32 0 3501
35 0 1457
36 0 2930
36 0 3979
37 0 1214
44 0 2763
45 0 30
53 0 262
53 0 1302
53 0 1791
53 0 3933
53 0 2599
53 0 2048
54 0 2041
56 0 1540
59 0 111
59 0 497
59 0 518
64 0 1898
64 0 2611
64 0 3358
64 0 3265
64 0 551
64 0 2573
64 0 2793
64 0 3618
64 0 2246
64 0 3566
66 0 3537
66 0 1475
66 0 1751
69 0 2040
69 0 281
78 0 14
85 0 3223
85 0 2009
85 0 11
87 0 3073
87 0 3596
88 0 652
91 0 2654
95 0 3471
95 0 213
95 0 766
95 0 1983
95 0 2217
95 0 466
95 0 498
95 0 479
95 0 2675
104 0 3559
105 0 20
113 0 1216
115 0 3083
117 0 1845
117 0 1100
122 0 2550
127 0 2745
129 0 1062
132 0 1591
132 0 3623
133 0 217
135 0 2841
135 0 910
135 0 2905
137 0 3389
147 0 2560
157 0 2270
157 0 1378
160 0 2125
160 0 824
160 0 2178
160 0 2043
160 0 1602
165 0 248
181 0 2520
184 0 3724
185 0 2099
185 0 27
185 0 3092
186 0 1608
188 0 30
188 0 1347
190 0 269
191 0 2852
207 0 428
207 0 1656
207 0 1952
207 0 3283
208 0 2112
210 0 1051
211 0 1601
216 0 574
216 0 1353
216 0 3157
221 0 1338
221 0 3011
221 0 2032
221 0 830
221 0 2117
225 0 1894
238 0 3396
241 0 2993
241 0 3032
241 0 850
245 0 2063
245 0 1448
245 0 2476
245 0 2129
245 0 300
245 0 737
245 0 1490
245 0 3658
245 0 469
252 0 1557
259 0 821
259 0 1523
260 0 1027
260 0 1041
260 0 1910
260 0 1136
260 0 71
260 0 1611
262 0 2168
263 0 1949
270 0 3869
273 0 2716
273 0 60
277 0 757
278 0 3097
283 0 3194
283 0 293
284 0 113
284 0 3535
284 0 165
284 0 1618
284 0 2745
284 0 3290
284 0 3425
284 0 1477
284 0 756
284 0 1946
284 0 1003
284 0 2909
284 0 2703
284 0 3171
286 0 3046
288 0 1189
289 0 141
289 0 1753
289 0 1377
291 0 2952
296 0 56
296 0 1752
303 0 2536
310 0 1537
310 0 731
310 0 3395
310 0 3435
310 0 1849
310 0 1400
310 0 2191
311 0 3793
314 0 2727
314 0 258
314 0 2617
316 0 3025
319 0 840
324 0 3945
324 0 3565
324 0 1109
339 0 1690
340 0 741
340 0 2148
340 0 1460
340 0 2573
340 0 3558
340 0 469
340 0 1977
346 0 115
346 0 2136
346 0 2790
346 0 162
346 0 3373
346 0 427
347 0 2475
347 0 984
347 0 3127
347 0 2876
347 0 2967
347 0 945
347 0 3893
347 0 2286
347 0 2393
347 0 2680
354 0 236
354 0 859
354 0 1808
354 0 875
354 0 2171
354 0 2566
354 0 2889
354 0 3872
354 0 187
354 0 784
354 0 1440
354 0 178
354 0 2424
354 0 1206
354 0 2390
354 0 3654
354 0 690
354 0 1139
354 0 2813
354 0 3240
354 0 3274
354 0 822
354 0 349
354 0 3257
354 0 2050
354 0 2859
354 0 3262
354 0 2328
354 0 2436
354 0 1757
354 0 505
354 0 916
354 0 3276
354 0 1310
354 0 1339
354 0 535
354 0 265
354 0 3114
354 0 642
358 0 1496
363 0 2207
364 0 3019
366 0 44
368 0 151
368 0 412
368 0 2740
368 0 2551
373 0 1018
373 0 3856
377 0 3876
377 0 966
377 0 415
381 0 1157
382 0 2066
382 0 3709
382 0 129
383 0 454
393 0 2164
393 0 1240
393 0 1156
394 0 2307
394 0 1665
399 0 3779
401 0 2267
404 0 3826
405 0 2617
405 0 3962
409 0 419
412 0 863
414 0 389
414 0 3039
419 0 1104
422 0 2268
426 0 3173
427 0 799
427 0 578
429 0 1535
429 0 1417
430 0 1529
430 0 3668
430 0 836
430 0 2188
431 0 2590
439 0 3637
442 0 655
442 0 1843
442 0 2095
442 0 2826
446 0 1083
448 0 3148
451 0 922
453 0 3237
453 0 1691
456 0 2148
457 0 523
461 0 3944
461 0 1097
462 0 3293
469 0 1188
469 0 2736
471 0 1820
471 0 288
480 0 103
487 0 3002
487 0 3328
487 0 87
487 0 2266
487 0 3958
487 0 2631
487 0 536
487 0 1044
487 0 2700
487 0 1426
496 0 3852
496 0 1932
496 0 2476
496 0 3901
496 0 3696
501 0 2444
501 0 1700
504 0 3724
504 0 2071
504 0 1065
511 0 1430
513 0 2269
515 0 1203
515 0 2679
515 0 2777
515 0 2589
515 0 1844
524 0 2637
535 0 3478
536 0 2031
546 0 507
546 0 1875
554 0 2072
554 0 3496
554 0 2413
554 0 2803
557 0 2234
557 0 316
557 0 3902
557 0 266
560 0 968
560 0 2222
561 0 2135
563 0 1623
563 0 2694
563 0 2046
563 0 1137
563 0 2353
563 0 1242
563 0 2667
563 0 1744
563 0 2735
563 0 1835
563 0 2797
563 0 2583
563 0 74
563 0 737
563 0 3949
563 0 227
563 0 3878
563 0 3852
565 0 920
573 0 347
573 0 348
574 0 104
574 0 353
574 0 1045
576 0 2772
577 0 3325
585 0 2887
586 0 24
588 0 3302
589 0 886
589 0 1945
589 0 2768
589 0 344
589 0 3130
589 0 807
589 0 3987
589 0 3975
589 0 1000
589 0 3666
589 0 3722
589 0 137
589 0 1886
589 0 2279
589 0 781
589 0 2307
589 0 3364
589 0 967
589 0 1706
589 0 3654
591 0 3496
596 0 1311
596 0 3701
596 0 3103
597 0 1413
597 0 1581
597 0 1341
598 0 2249
598 0 120
600 0 628
602 0 1991
610 0 1555
611 0 552
611 0 914
614 0 188
614 0 1867
618 0 2998
618 0 2151
622 0 2363
625 0 1727
627 0 1725
630 0 1190
630 0 1174
630 0 131
630 0 242
630 0 1664
630 0 2582
630 0 1872
630 0 1116
630 0 3338
630 0 2680
635 0 3895
641 0 2827
642 0 443
643 0 1342
643 0 2452
644 0 3509
648 0 925
648 0 791
648 0 2236
650 0 3385
651 0 2447
653 0 2674
653 0 942
653 0 1859
653 0 432
653 0 315
653 0 2534
655 0 2978
655 0 111
659 0 921
668 0 611
668 0 101
668 0 3185
668 0 3783
677 0 3607
677 0 2325
677 0 3102
679 0 1283
679 0 2582
682 0 1424
682 0 2008
682 0 850
682 0 1961
682 0 2428
682 0 1200
682 0 3322
682 0 667
682 0 2411
682 0 450
682 0 2224
682 0 582
684 0 1314
684 0 536
701 0 1801
702 0 1524
702 0 1650
715 0 3105
718 0 909
718 0 3143
718 0 3582
720 0 1519
720 0 1575
720 0 124
723 0 960
723 0 1028
723 0 1528
728 0 108
728 0 2238
728 0 1382
728 0 1825
728 0 2663
731 0 3688
731 0 3575
732 0 96
732 0 413
732 0 1453
732 0 330
732 0 2077
732 0 2479
732 0 847
732 0 888
732 0 3245
732 0 166
732 0 3092
732 0 3809
732 0 653
732 0 1509
732 0 1841
732 0 422
732 0 338
732 0 1570
739 0 1139
739 0 277
739 0 3341
739 0 3490
739 0 2097
739 0 2347
739 0 857
751 0 1576
751 0 778
754 0 691
754 0 2093
761 0 104
761 0 529
762 0 1085
764 0 1280
767 0 1408
772 0 3730
773 0 410
776 0 181
777 0 1385
780 0 2460
780 0 2744
780 0 3943
784 0 1694
784 0 956
789 0 3053
798 0 150
798 0 1152
798 0 1039
798 0 320
802 0 3000
813 0 1119
813 0 3243
813 0 2889
813 0 1606
813 0 3560
813 0 3831
813 0 658
813 0 3765
813 0 2104
813 0 2344
813 0 1289
813 0 3243
813 0 2793
817 0 241
817 0 1299
819 0 3755
819 0 3636
819 0 3913
820 0 3503
820 0 918
828 0 600
828 0 3396
830 0 64
841 0 1110
841 0 3166
841 0 3141
841 0 1643
841 0 1483
841 0 2830
841 0 2835
841 0 1847
841 0 2813
841 0 93
841 0 2160
841 0 1413
841 0 1608
841 0 2702
841 0 2170
841 0 2327
841 0 3261
841 0 725
841 0 3847
841 0 3449
841 0 1263
849 0 3746
855 0 3857
855 0 1815
858 0 1670
859 0 3448
859 0 3945
870 0 1327
874 0 3623
874 0 2045
876 0 1708
880 0 3544
881 0 2433
884 0 2098
885 0 2557
893 0 3728
893 0 3094
893 0 1686
902 0 2704
905 0 3359
905 0 2541
905 0 2751
905 0 702
909 0 3520
909 0 2474
909 0 263
912 0 177
912 0 6
912 0 1910
912 0 3434
912 0 316
912 0 1651
915 0 1444
915 0 1458
915 0 2242
921 0 1955
921 0 1010
921 0 1707
922 0 1917
922 0 2468
923 0 3191
923 0 1885
923 0 3449
924 0 1825
926 0 2969
927 0 2992
927 0 2868
927 0 2917
929 0 3741
929 0 1901
931 0 3182
938 0 3764
938 0 953
940 0 3720
940 0 337
940 0 1466
944 0 2176
944 0 3141
944 0 3131
947 0 2971
952 0 215
952 0 168
963 0 3802
963 0 1863
963 0 952
966 0 1923
972 0 3715
974 0 1097
975 0 3456
977 0 2751
977 0 3675
977 0 1147
977 0 1889
977 0 1279
977 0 2234
977 0 269
977 0 3312
977 0 1977
977 0 595
977 0 932
977 0 3622
977 0 2362
977 0 133
977 0 3319
977 0 1010
977 0 3630
977 0 2149
977 0 99
977 0 2573
977 0 2651
977 0 3315
977 0 1881
977 0 1062
977 0 3665
977 0 1344
977 0 3027
977 0 347
977 0 3317
977 0 2172
977 0 3789
977 0 3333
977 0 2018
977 0 930
977 0 2358
977 0 950
977 0 3609
977 0 3355
977 0 3147
977 0 2167
977 0 174
977 0 1326
977 0 3156
977 0 2629
977 0 1155
977 0 3932
977 0 1766
977 0 1499
977 0 3468
977 0 2353
977 0 114
977 0 991
977 0 432
977 0 2369
977 0 2531
977 0 1508
977 0 320
977 0 2075
977 0 1204
977 0 1267
979 0 1713
983 0 363
983 0 2588
988 0 1232
988 0 3543
991 0 783
991 0 480
993 0 1662
995 0 41
995 0 1903
1000 0 3518
1001 0 3500
1003 0 1521
1005 0 3744
1007 0 1660
1007 0 2909
1007 0 2414
1007 0 3078
1007 0 1559
1007 0 3033
1012 0 874
1013 0 2361
1013 0 3432
1013 0 16
1017 0 52
1022 0 2377
1023 0 3665
1026 0 3952
1027 0 1923
1027 0 3028
1027 0 1080
1041 0 2576
1041 0 101
1046 0 3605
1063 0 1554
1063 0 1518
1063 0 2821
1078 0 3037
1078 0 2191
1078 0 3529
1090 0 265
1090 0 2712
1090 0 3360
1090 0 2138
1090 0 1179
1090 0 3411
1090 0 546
1090 0 1928
1090 0 3095
1090 0 1976
1090 0 915
1090 0 700
1090 0 2680
1090 0 1139
1090 0 2484
1090 0 3087
1090 0 1728
1090 0 3723
1090 0 2060
1090 0 3915
1090 0 1541
1090 0 2452
1091 0 3220
1097 0 1019
1100 0 2163
1100 0 1835
1100 0 2370
1106 0 1146
1108 0 3608
1109 0 3390
1109 0 631
1112 0 3571
1112 0 62
1112 0 1973
1115 0 2244
1120 0 2432
1121 0 416
1121 0 1437
1124 0 1746
1134 0 1710
1135 0 1218
1135 0 636
1149 0 2612
1149 0 3812
1151 0 3423
1154 0 963
1154 0 2873
1154 0 270
1158 0 1216
1158 0 783
1158 0 3199
1165 0 145
1165 0 3511
1165 0 3990
1165 0 789
1165 0 1634
1165 0 3091
1165 0 3831
1170 0 3438
1170 0 115
1170 0 3547
1170 0 2544
1170 0 1161
1170 0 102
1170 0 1445
1170 0 3389
1170 0 1925
1175 0 1332
1175 0 3338
1175 0 1124
1175 0 828
1177 0 1322
1182 0 1096
1182 0 1626
1182 0 156
1185 0 1101
1189 0 3733
1189 0 510
1189 0 3621
1196 0 476
1198 0 3970
1198 0 878
1198 0 1072
1198 0 1703
1198 0 550
1198 0 1264
1198 0 1762
1198 0 3170
1198 0 2363
1198 0 194
1202 0 2363
1205 0 2484
1205 0 2709
1209 0 3388
1214 0 2776
1225 0 769
1225 0 3755
1225 0 1781
1226 0 3655
1226 0 1095
1228 0 3391
1229 0 1563
1229 0 3015
1234 0 133
1236 0 3474
1239 0 3250
1239 0 2343
1239 0 1969
1239 0 3920
1239 0 1742
1239 0 1565
1243 0 2766
1246 0 1576
1247 0 3593
1247 0 2931
1247 0 454
1247 0 2379
1247 0 2561
1247 0 3767
1247 0 533
1247 0 1472
1247 0 2474
1247 0 2418
1248 0 410
1248 0 769
1253 0 2920
1253 0 286
1254 0 1683
1261 0 1062
1264 0 3827
1265 0 254
1268 0 67
1268 0 2743
1268 0 1336
1272 0 1669
1278 0 2590
1278 0 3597
1278 0 2819
1278 0 2230
1278 0 1174
1278 0 934
1278 0 1497
1278 0 623
1278 0 3615
1279 0 3892
1285 0 2521
1285 0 1739
1285 0 3401
1285 0 3567
1285 0 1443
1285 0 1161
1285 0 138
1285 0 2860
1285 0 3900
1285 0 1924
1285 0 301
1285 0 2437
1285 0 3191
1287 0 3258
1288 0 282
1288 0 3639
1288 0 196
1288 0 2488
1290 0 3139
1290 0 1984
1290 0 242
1292 0 3964
1292 0 864
1294 0 2443
1294 0 242
1301 0 3529
1310 0 3981
1314 0 3823
1314 0 810
1314 0 3854
1316 0 3908
1317 0 2160
1323 0 3765
1336 0 235
1339 0 3429
1339 0 2232
1346 0 1918
1346 0 3008
1346 0 3263
1346 0 2457
1346 0 1186
1346 0 406
1346 0 2648
1346 0 914
1346 0 3984
1349 0 2503
1350 0 3608
1350 0 1938
1350 0 3935
1351 0 1249
1351 0 2782
1351 0 2968
1352 0 319
1365 0 2946
1365 0 844
1371 0 396
1371 0 3931
1375 0 987
1375 0 3225
1382 0 1920
1382 0 1565
1384 0 2357
1385 0 962
1387 0 1614
1387 0 302
1387 0 1839
1387 0 767
1388 0 3699
1388 0 2030
1388 0 3750
1390 0 1408
1390 0 3252
1390 0 3024
1390 0 3841
1390 0 622
1390 0 394
1390 0 1124
1394 0 1458
1394 0 150
1394 0 3932
1394 0 1241
1394 0 3921
1394 0 3705
1394 0 3643
1394 0 2716
1394 0 3345
1394 0 821
1394 0 1962
1394 0 3948
1394 0 2330
1394 0 1921
1394 0 203
1394 0 2800
1394 0 3667
1394 0 2280
1394 0 53
1402 0 3194
1402 0 1516
1402 0 2753
1402 0 253
1402 0 2310
1402 0 1611
1412 0 1677
1417 0 1020
1429 0 2469
1430 0 3266
1430 0 1434
1436 0 888
1436 0 927
1436 0 107
1436 0 1913
1439 0 3265
1450 0 1718
1451 0 1168
1454 0 1057
1455 0 1788
1455 0 3417
1455 0 3199
1455 0 1073
1455 0 3177
1455 0 1458
1455 0 3524
1455 0 3246
1455 0 3217
1455 0 620
1456 0 2844
1459 0 2091
1459 0 507
1459 0 3667
1459 0 1402
1459 0 1756
1459 0 1740
1465 0 2192
1465 0 1736
1466 0 1596
1470 0 219
1475 0 3910
1477 0 440
1477 0 2400
1480 0 2937
1480 0 1895
1483 0 2175
1483 0 3183
1483 0 283
1483 0 3244
1491 0 2972
1491 0 162
1491 0 1511
1491 0 2890
1498 0 1689
1503 0 208
1506 0 1137
1512 0 2959
1522 0 2128
1522 0 1654
1522 0 397
1522 0 858
1522 0 405
1522 0 122
1522 0 365
1522 0 3226
1523 0 3641
1524 0 2895
1524 0 1502
1524 0 1302
1526 0 1407
1531 0 3486
1531 0 767
1534 0 735
1536 0 1126
1536 0 1681
1536 0 2776
1536 0 3104
1536 0 449
1536 0 3260
1536 0 1027
1536 0 885
1536 0 774
1538 0 1665
1538 0 965
1538 0 83
1538 0 2357
1539 0 256
1539 0 1790
1539 0 2337
1540 0 2246
1541 0 2218
1541 0 1362
1541 0 2246
1541 0 143
1541 0 1925
1541 0 3761
1541 0 2099
1541 0 3529
1541 0 1775
1541 0 2139
1541 0 3504
1541 0 1308
1541 0 3921
1541 0 2018
1541 0 2710
1541 0 1140
1541 0 3053
1541 0 2555
1541 0 3201
1541 0 3389
1541 0 2145
1541 0 2697
1541 0 3756
1541 0 2547
1541 0 1236
1541 0 16
1542 0 367
1542 0 2141
1542 0 2148
1542 0 1134
1546 0 227
1546 0 449
1546 0 2023
1549 0 3580
1549 0 1723
1554 0 2291
1562 0 1371
1562 0 1611
1562 0 3814
1562 0 2639
1565 0 2138
1574 0 2727
1574 0 2354
1579 0 3209
1583 0 224
1585 0 387
1591 0 3234
1591 0 3069
1593 0 3047
1593 0 346
1594 0 3474
1594 0 302
1594 0 1042
1596 0 230
1600 0 1756
1603 0 1774
1607 0 3269
1607 0 3471
1607 0 1265
1607 0 3695
1607 0 193
1618 0 281
1618 0 2809
1618 0 485
1618 0 3159
1618 0 3165
1628 0 1871
1630 0 863
1630 0 254
1630 0 339
1630 0 1210
1630 0 3616
1630 0 1874
1630 0 2238
1630 0 362
1630 0 1495
1630 0 2133
1634 0 1362
1634 0 162
1636 0 870
1638 0 2899
1638 0 222
1642 0 3273
1642 0 2405
1642 0 2810
1642 0 2827
1645 0 3348
1650 0 2397
1650 0 3126
1650 0 2989
1652 0 188
1653 0 2309
1655 0 396
1655 0 2959
1655 0 52
1657 0 3483
1662 0 1747
1663 0 3866
1666 0 3736
1668 0 420
1674 0 3106
1678 0 3517
1680 0 3648
1683 0 2021
1686 0 1602
1686 0 1597
1688 0 3955
1688 0 500
1688 0 3072
1688 0 3324
1688 0 896
1688 0 1784
1688 0 3355
1688 0 3444
1693 0 874
1695 0 3064
1695 0 1306
1695 0 1303
1695 0 15
1696 0 426
1696 0 1506
1698 0 3667
1698 0 2020
1706 0 678
1708 0 2606
1708 0 788
1708 0 237
1714 0 3576
1715 0 2290
1722 0 3660
1723 0 2483
1723 0 2383
1723 0 2433
1723 0 1566
1723 0 2453
1723 0 2075
1723 0 3683
1723 0 922
1723 0 557
1723 0 2241
1723 0 457
1723 0 3040
1723 0 1281
1723 0 3433
1723 0 102
1723 0 92
1723 0 3626
1723 0 135
1723 0 127
1723 0 1449
1723 0 3642
1723 0 1522
1723 0 837
1723 0 2439
1723 0 2679
1723 0 2986
1740 0 1816
1744 0 2794
1744 0 691
1744 0 1009
1748 0 1328
1749 0 1904
1749 0 1332
1752 0 812
1757 0 3716
1757 0 154
1757 0 3677
1757 0 414
1757 0 2738
1757 0 2551
1761 0 2762
1762 0 684
1764 0 3070
1764 0 1424
1764 0 1654
1768 0 2655
1768 0 3525
1768 0 492
1768 0 761
1768 0 2153
1768 0 628
1768 0 1365
1768 0 3026
1768 0 3153
1768 0 1674
1768 0 1166
1768 0 156
1768 0 904
1768 0 2869
1768 0 2961
1769 0 3956
1780 0 3839
1782 0 3430
1784 0 3787
1787 0 3778
1787 0 1753
1787 0 3041
1787 0 3961
1787 0 336
1787 0 245
1787 0 1846
1787 0 556
1787 0 209
1787 0 2364
1787 0 2458
1787 0 993
1787 0 3022
1787 0 1539
1787 0 1936
1787 0 3574
1787 0 613
1787 0 3932
1787 0 3843
1787 0 3894
1787 0 2396
1787 0 999
1787 0 2220
1787 0 1496
1804 0 3409
1805 0 1364
1810 0 1477
1810 0 323
1821 0 2919
1826 0 371
1834 0 1816
1835 0 3417
1838 0 3634
1838 0 1888
1838 0 572
1838 0 3153
1838 0 254
1838 0 2653
1842 0 3819
1844 0 1916
1847 0 2855
1847 0 1126
1847 0 2615
1847 0 1562
1847 0 2069
1847 0 1519
1847 0 2109
1847 0 271
1847 0 1677
1847 0 3464
1847 0 1696
1847 0 3072
1849 0 1758
1853 0 3831
1859 0 678
1859 0 3932
1859 0 2801
1859 0 822
1859 0 1670
1859 0 1943
1859 0 1012
1859 0 1823
1859 0 1560
1859 0 3334
1859 0 709
1859 0 432
1859 0 1110
1859 0 391
1859 0 1514
1859 0 739
1859 0 552
1859 0 753
1859 0 2354
1859 0 504
1859 0 2775
1859 0 34
1863 0 1986
1863 0 2200
1863 0 596
1869 0 2211
1870 0 2513
1870 0 3318
1872 0 621
1872 0 2238
1873 0 910
1876 0 1728
1876 0 710
1880 0 1748
1882 0 567
1882 0 1530
1883 0 2117
1883 0 3519
1883 0 1276
1883 0 1387
1884 0 1209
1884 0 652
1886 0 72
1889 0 3579
1891 0 3172
1892 0 2283
1893 0 3378
1893 0 2700
1893 0 791
1893 0 2372
1893 0 2731
1895 0 3262
1897 0 3277
1898 0 338
1899 0 2046
1901 0 3668
1903 0 1896
1910 0 2542
1912 0 2680
1914 0 1759
1916 0 2758
1918 0 3803
1919 0 117
1919 0 1026
1919 0 424
1919 0 2086
1919 0 2918
1919 0 2532
1919 0 1535
1919 0 2124
1919 0 1597
1920 0 333
1921 0 3163
1921 0 3278
1926 0 1000
1932 0 292
1934 0 3665
1934 0 3154
1939 0 2328
1939 0 870
1939 0 3519
1939 0 2322
1940 0 71
1940 0 50
1940 0 2275
1940 0 643
1940 0 3711
1940 0 2430
1940 0 2840
1940 0 2587
1940 0 1962
1940 0 1040
1940 0 1395
1940 0 1349
1940 0 1463
1940 0 1485
1940 0 1667
1940 0 2945
1944 0 2626
1945 0 2217
1945 0 2103
1952 0 491
1952 0 3415
1953 0 3212
1953 0 339
1953 0 3682
1953 0 3805
1953 0 658
1953 0 2460
1953 0 3898
1953 0 2121
1953 0 1902
1953 0 2146
1953 0 2629
1953 0 1833
1953 0 2936
1953 0 1443
1953 0 2442
1957 0 270
1957 0 2366
1957 0 2971
1957 0 3676
1957 0 727
1957 0 1476
1959 0 2932
1961 0 3257
1966 0 3816
1966 0 3256
1966 0 3575
1966 0 1158
1966 0 2530
1966 0 864
1966 0 1323
1966 0 2399
1966 0 910
1966 0 1828
1966 0 2656
1966 0 753
1966 0 1606
1966 0 3065
1967 0 149
1971 0 2787
1971 0 934
1971 0 314
1971 0 417
1971 0 1783
1971 0 1520
1974 0 2076
1974 0 2249
1977 0 709
1977 0 1762
1977 0 1064
1977 0 2958
1979 0 3798
1979 0 2292
1979 0 279
1979 0 2221
1979 0 1718
1979 0 471
1979 0 380
1979 0 3518
1979 0 2548
1980 0 2663
1985 0 2691
1990 0 1761
1990 0 1982
1998 0 1611
1998 0 1282
2009 0 3292
2009 0 3615
2012 0 1448
2016 0 1035
2016 0 212
2017 0 1645
2017 0 3101
2018 0 1149
2018 0 2427
2020 0 3756
2036 0 1087
2036 0 944
2037 0 1648
2044 0 394
2044 0 2220
2046 0 176
2050 0 3672
2050 0 288
2050 0 2758
2050 0 1435
2051 0 2528
2052 0 1271
2053 0 938
2056 0 700
2057 0 1296
2059 0 3925
2059 0 1302
2059 0 350
2059 0 1856
2059 0 3678
2059 0 1184
2069 0 2307
2070 0 2592
2070 0 2093
2070 0 3911
2070 0 398
2070 0 349
2075 0 3567
2075 0 3866
2076 0 3401
2085 0 120
2090 0 1382
2090 0 3378
2091 0 3224
2091 0 3863
2091 0 3353
2093 0 1640
2096 0 3822
2096 0 2633
2101 0 3318
2101 0 96
2104 0 537
2104 0 511
2104 0 1300
2104 0 288
2104 0 1101
2104 0 3360
2104 0 3542
2104 0 2300
2104 0 3432
2104 0 3135
2104 0 1983
2104 0 2780
2104 0 1636
2104 0 1545
2104 0 3968
2104 0 2624
2104 0 1016
2104 0 167
2104 0 3371
2104 0 2134
2104 0 1907
2104 0 2321
2104 0 3234
2104 0 3905
2104 0 344
2104 0 2005
2109 0 2945
2109 0 2840
2109 0 2171
2115 0 1978
2118 0 3810
2118 0 3727
2124 0 3752
2131 0 2602
2132 0 3811
2132 0 3221
2132 0 2061
2132 0 230
2132 0 1258
2133 0 1229
2134 0 3556
2137 0 3332
2143 0 3514
2148 0 606
2148 0 391
2161 0 2753
2164 0 837
2168 0 2955
2169 0 2500
2173 0 189
2173 0 3241
2173 0 2900
2173 0 2661
2173 0 930
2173 0 970
2174 0 2603
2174 0 1335
2174 0 2741
2174 0 1387
2174 0 168
2174 0 1932
2174 0 2637
2174 0 1804
2174 0 2848
2174 0 173
2174 0 775
2174 0 1866
2174 0 1459
2174 0 1402
2174 0 370
2174 0 2636
2174 0 1461
2176 0 3882
2176 0 1963
2182 0 1590
2183 0 114
2186 0 2692
2193 0 433
2193 0 3571
2193 0 2798
2193 0 2020
2193 0 2885
2193 0 3189
2193 0 3157
2193 0 2131
2193 0 2849
2193 0 3065
2193 0 2077
2193 0 3280
2193 0 61
2193 0 1688
2193 0 2665
2193 0 2301
2193 0 2817
2193 0 218
2193 0 3310
2193 0 1465
2193 0 1635
2193 0 130
2194 0 2465
2195 0 439
2195 0 3291
2196 0 677
2196 0 3545
2196 0 1071
2196 0 2051
2196 0 172
2198 0 1373
2203 0 2158
2209 0 2123
2215 0 3120
2215 0 1092
2215 0 28
2217 0 3169
2217 0 1493
2219 0 1380
2224 0 2739
2225 0 727
2225 0 1470
2227 0 2542
2227 0 1601
2227 0 3367
2227 0 18
2227 0 1605
2227 0 745
2227 0 1919
2227 0 3797
2227 0 3743
2227 0 2863
2227 0 1521
2227 0 2242
2227 0 3807
2227 0 3557
2227 0 1780
2227 0 2644
2227 0 3714
2227 0 2822
2227 0 3871
2227 0 3737
2227 0 3512
2227 0 478
2227 0 3968
2227 0 1361
2227 0 21
2227 0 2672
2227 0 151
2227 0 2423
2227 0 2386
2227 0 2468
2227 0 3915
2227 0 2565
2227 0 1480
2227 0 2284
2227 0 813
2227 0 703
2227 0 3848
2227 0 2063
2227 0 2132
2227 0 1991
2227 0 3729
2227 0 1894
2227 0 1432
2227 0 767
2227 0 1547
2227 0 2717
2227 0 2318
2227 0 2114
2227 0 1643
2227 0 3920
2227 0 2475
2227 0 2842
2227 0 2585
2227 0 217
2227 0 3439
2227 0 2924
2228 0 1828
2233 0 2145
2238 0 1650
2243 0 1763
2243 0 1474
2246 0 92
2246 0 1440
2246 0 3931
2255 0 1785
2256 0 1993
2256 0 2044
2257 0 560
2258 0 365
2260 0 1634
2260 0 2533
2260 0 901
2272 0 2934
2273 0 1532
2273 0 613
2273 0 1851
2274 0 536
2278 0 447
2278 0 2872
2285 0 141
2289 0 3197
2290 0 2398
2290 0 2952
2290 0 2886
2290 0 2822
2290 0 93
2290 0 2080
2290 0 2170
2290 0 2052
2293 0 651
2293 0 2754
2298 0 1465
2298 0 1935
2300 0 3097
2300 0 1549
2300 0 1846
2306 0 1883
2307 0 924
2309 0 3748
2314 0 3646
2321 0 3113
2322 0 3023
2322 0 3016
2322 0 3721
2322 0 1351
2324 0 2085
2325 0 1141
2326 0 728
2328 0 2514
2335 0 1026
2341 0 1957
2341 0 1357
2341 0 108
2341 0 2164
2341 0 1329
2342 0 2473
2343 0 715
2344 0 1421
2344 0 2489
2350 0 2508
2356 0 781
2360 0 437
2365 0 3735
2366 0 2442
2368 0 182
2373 0 1961
2379 0 3958
2379 0 1768
2379 0 2021
2383 0 3937
2383 0 1208
2390 0 3605
2393 0 1433
2401 0 3844
2402 0 713
2403 0 528
2403 0 2006
2403 0 1075
2405 0 1647
2405 0 2288
2407 0 663
2407 0 3290
2417 0 403
2417 0 73
2417 0 309
2417 0 1
2417 0 1674
2417 0 159
2417 0 626
2417 0 1159
2419 0 1455
2419 0 2820
2436 0 1005
2436 0 2816
2436 0 2158
2436 0 705
2436 0 2812
2442 0 964
2444 0 509
2444 0 1987
2444 0 2943
2448 0 736
2448 0 3086
2448 0 1989
2448 0 1726
2450 0 1674
2450 0 3232
2461 0 1813
2461 0 997
2461 0 1653
2461 0 1797
2461 0 3093
2461 0 3001
2461 0 1676
2461 0 3738
2461 0 2954
2461 0 3314
2461 0 628
2461 0 2561
2461 0 590
2461 0 3883
2461 0 3172
2461 0 812
2461 0 2724
2463 0 2186
2463 0 1080
2468 0 526
2468 0 3787
2468 0 3130
2468 0 597
2473 0 3757
2475 0 1282
2475 0 2327
2475 0 1741
2478 0 858
2480 0 2451
2482 0 3428
2482 0 2277
2484 0 3420
2485 0 3383
2485 0 3737
2487 0 3042
2487 0 3123
2487 0 660
2487 0 3811
2487 0 2686
2487 0 79
2487 0 825
2487 0 2490
2488 0 1414
2488 0 2961
2497 0 3151
2499 0 59
2500 0 2282
2501 0 1626
2504 0 614
2507 0 1927
2509 0 342
2512 0 418
2512 0 771
2513 0 159
2513 0 2897
2513 0 1571
2520 0 2478
2520 0 304
2521 0 3652
2521 0 494
2521 0 2367
2522 0 1384
2533 0 2143
2536 0 1496
2536 0 3774
2536 0 2116
2539 0 3735
2539 0 3050
2546 0 1920
2549 0 2642
2549 0 367
2549 0 159
2550 0 1364
2557 0 3967
2557 0 1939
2561 0 1366
2563 0 1366
2563 0 3708
2563 0 3741
2563 0 22
2563 0 1984
2563 0 2943
2563 0 1951
2564 0 2635
2564 0 1003
2573 0 2802
2575 0 2675
2581 0 3081
2581 0 3477
2581 0 1668
2581 0 2407
2581 0 2215
2581 0 3829
2581 0 1249
2581 0 1128
2581 0 1002
2581 0 77
2581 0 2906
2581 0 749
2581 0 3195
2581 0 260
2581 0 296
2581 0 3809
2581 0 434
2581 0 612
2581 0 3765
2581 0 3387
2581 0 2894
2581 0 1578
2581 0 2996
2581 0 1662
2581 0 1389
2581 0 1729
2581 0 3498
2581 0 3337
2581 0 1004
2581 0 3368
2581 0 3598
2581 0 2473
2581 0 3771
2581 0 234
2581 0 1235
2581 0 3096
2581 0 2466
2581 0 3757
2581 0 3931
2595 0 2666
2595 0 1200
2600 0 1934
2600 0 983
2601 0 2951
2601 0 1697
2606 0 2138
2606 0 1339
2609 0 2270
2609 0 644
2615 0 1536
2618 0 351
2618 0 1295
2618 0 2966
2623 0 1551
2626 0 975
2626 0 3380
2628 0 2161
2628 0 977
2629 0 1362
2629 0 602
2629 0 3397
2631 0 1093
2635 0 3825
2638 0 1446
2654 0 1963
2654 0 1489
2654 0 2263
2654 0 2330
2656 0 1689
2662 0 3408
2664 0 693
2664 0 1714
2667 0 2974
2667 0 3910
2667 0 18
2667 0 3741
2667 0 2734
2667 0 2428
2667 0 1277
2667 0 1171
2667 0 439
2667 0 2833
2669 0 2518
2671 0 3971
2683 0 2237
2683 0 3398
2683 0 3691
2683 0 3926
2683 0 1426
2683 0 542
2686 0 2717
2695 0 247
2696 0 843
2698 0 161
2698 0 2065
2700 0 2586
2704 0 1720
2704 0 406
2704 0 3741
2708 0 153
2709 0 3744
2709 0 3534
2709 0 248
2718 0 3722
2718 0 3384
2720 0 950
2720 0 3735
2720 0 273
2720 0 2349
2721 0 581
2721 0 1278
2721 0 1652
2723 0 3180
2723 0 497
2723 0 3104
2725 0 3906
2725 0 2406
2734 0 2089
2734 0 2114
2734 0 2476
2734 0 1005
2734 0 3822
2734 0 2359
2734 0 850
2734 0 1086
2734 0 528
2734 0 969
2734 0 2100
2734 0 3801
2734 0 514
2734 0 328
2734 0 16
2734 0 2913
2734 0 2811
2734 0 3465
2734 0 3095
2734 0 1064
2734 0 2719
2742 0 1276
2742 0 2384
2742 0 1971
2742 0 1150
2742 0 3523
2749 0 2841
2749 0 2767
2752 0 1145
2752 0 2227
2759 0 2581
2764 0 203
2764 0 2384
2764 0 3771
2764 0 2546
2764 0 1123
2764 0 1014
2764 0 2008
2764 0 420
2764 0 619
2764 0 2552
2764 0 1740
2764 0 896
2764 0 2430
2764 0 3573
2764 0 3997
2767 0 550
2770 0 3832
2772 0 798
2774 0 1476
2776 0 3231
2776 0 1829
2776 0 384
2781 0 1473
2783 0 2485
2784 0 479
2784 0 381
2784 0 1205
2784 0 3562
2784 0 3208
2784 0 2094
2786 0 2168
2788 0 830
2789 0 3729
2791 0 3329
2796 0 3535
2796 0 3614
2796 0 2656
2803 0 2027
2814 0 1357
2814 0 2708
2814 0 3236
2814 0 3490
2817 0 1442
2819 0 232
2824 0 2
2825 0 1460
2825 0 2569
2825 0 1388
2825 0 1526
2825 0 1529
2825 0 3215
2825 0 195
2831 0 242
2832 0 2747
2832 0 2724
2839 0 2391
2839 0 644
2840 0 440
2840 0 1232
2841 0 331
2841 0 685
2850 0 541
2859 0 1037
2860 0 580
2860 0 908
2860 0 268
2860 0 1329
2865 0 89
2870 0 2340
2870 0 190
2870 0 424
2870 0 283
2870 0 3269
2873 0 343
2873 0 2733
2873 0 3010
2873 0 607
2873 0 3986
2873 0 2043
2873 0 3374
2873 0 1852
2876 0 1914
2879 0 3571
2880 0 3830
2880 0 1967
2880 0 782
2880 0 966
2880 0 515
2880 0 456
2880 0 3139
2880 0 629
2882 0 3762
2882 0 799
2882 0 221
2882 0 1766
2885 0 2924
2885 0 1713
2885 0 2814
2889 0 3377
2893 0 32
2893 0 3356
2895 0 3034
2897 0 2771
2897 0 1683
2904 0 2194
2904 0 970
2904 0 3730
2907 0 100
2923 0 1405
2923 0 1038
2923 0 1311
2923 0 3928
2923 0 2018
2923 0 3505
2923 0 1415
2923 0 3138
2923 0 851
2923 0 3591
2923 0 3740
2923 0 3464
2923 0 3223
2923 0 3337
2923 0 320
2923 0 3816
2923 0 1297
2923 0 202
2923 0 2010
2923 0 2156
2927 0 1873
2929 0 2519
2929 0 247
2931 0 109
2931 0 1131
2936 0 3963
2938 0 3640
2943 0 3348
2943 0 1852
2948 0 688
2954 0 1059
2954 0 403
2954 0 1392
2955 0 1248
2955 0 49
2955 0 3402
2955 0 1004
2955 0 1979
2955 0 3015
2955 0 1664
2955 0 3000
2964 0 211
2964 0 757
2969 0 711
2969 0 947
2972 0 2672
2974 0 2652
2974 0 1981
2974 0 1111
2974 0 1370
2974 0 889
2974 0 3949
2974 0 1867
2974 0 2720
2974 0 2479
2974 0 2060
2974 0 842
2974 0 3168
2974 0 2158
2974 0 949
2974 0 3040
2974 0 1897
2974 0 866
2974 0 3898
2974 0 42
2974 0 1880
2974 0 1918
2974 0 1204
2974 0 1709
2974 0 444
2974 0 3886
2974 0 1175
2974 0 2792
2974 0 1564
2974 0 2912
2979 0 2364
2980 0 3
2981 0 739
2986 0 2398
2986 0 581
2986 0 660
2986 0 353
2986 0 3497
2986 0 269
2986 0 3034
2986 0 3063
2986 0 210
2986 0 932
2989 0 2247
2991 0 3753
2991 0 284
2991 0 176
2991 0 448
2991 0 1958
2993 0 735
2997 0 1000
2997 0 3989
2997 0 116
3000 0 3921
3006 0 67
3007 0 2668
3008 0 699
3018 0 3552
3019 0 139
3019 0 2636
3019 0 3440
3019 0 361
3019 0 3638
3019 0 1482
3019 0 496
3019 0 564
3019 0 2143
3019 0 2976
3019 0 3490
3019 0 175
3020 0 3353
3026 0 149
3026 0 182
3032 0 526
3034 0 1961
3034 0 3289
3034 0 1639
3042 0 3554
3043 0 852
3045 0 2796
3046 0 2020
3053 0 2075
3053 0 3977
3064 0 2239
3065 0 29
3076 0 1785
3078 0 104
3078 0 3294
3078 0 696
3081 0 3347
3081 0 1150
3083 0 2349
3083 0 1873
3083 0 2701
3092 0 654
3092 0 839
3092 0 2344
3092 0 2877
3092 0 103
3092 0 1219
3094 0 2868
3098 0 2806
3098 0 407
3098 0 2531
3098 0 3273
3101 0 78
3109 0 2463
3109 0 3445
3112 0 2507
3112 0 2724
3112 0 1095
3112 0 373
3112 0 1549
3112 0 1154
3112 0 2649
3112 0 2901
3112 0 2761
3112 0 3024
3112 0 830
3112 0 43
3112 0 1572
3112 0 2169
3116 0 58
3119 0 472
3119 0 71
3119 0 2006
3119 0 3085
3119 0 2769
3119 0 1308
3121 0 3736
3121 0 828
3123 0 3088
3126 0 3670
3127 0 2974
3131 0 3376
3135 0 1313
3146 0 2623
3148 0 3415
3148 0 3691
3148 0 2053
3148 0 3122
3148 0 2593
3148 0 1802
3151 0 3353
3151 0 291
3151 0 2591
3151 0 2683
3156 0 1463
3163 0 887
3164 0 416
3172 0 1323
3174 0 1065
3174 0 2849
3174 0 3347
3174 0 2754
3176 0 934
3176 0 1265
3176 0 680
3176 0 1073
3179 0 1016
3179 0 944
3179 0 163
3179 0 3604
3179 0 1131
3179 0 808
3179 0 1563
3179 0 333
3179 0 1444
3179 0 603
3179 0 1358
3179 0 1565
3179 0 266
3179 0 254
3179 0 998
3179 0 551
3179 0 2068
3179 0 3404
3179 0 2632
3179 0 725
3179 0 1881
3179 0 1758
3179 0 1413
3179 0 3516
3179 0 3659
3179 0 560
3179 0 393
3179 0 3101
3179 0 2297
3179 0 1552
3179 0 717
3179 0 2933
3179 0 2341
3179 0 3026
3179 0 3300
3179 0 2467
3179 0 3707
3179 0 1483
3179 0 3909
3179 0 3857
3179 0 3112
3179 0 731
3179 0 2117
3179 0 1952
3179 0 1453
3179 0 1069
3179 0 525
3179 0 3569
3179 0 481
3179 0 3655
3179 0 1731
3179 0 3009
3179 0 2103
3179 0 3310
3179 0 1376
3179 0 458
3179 0 3891
3179 0 1849
3179 0 859
3179 0 842
3179 0 2596
3179 0 1912
3179 0 2870
3179 0 3746
3179 0 1476
3179 0 1887
3179 0 580
3183 0 1893
3183 0 2596
3184 0 748
3184 0 3116
3191 0 1616
3191 0 2694
3191 0 1080
3192 0 3014
3196 0 2146
3198 0 3335
3201 0 3362
3203 0 1820
3216 0 3596
3216 0 3182
3216 0 484
3219 0 1047
3224 0 3366
3227 0 2090
3239 0 694
3243 0 343
3243 0 3301
3243 0 187
3243 0 1834
3247 0 180
3253 0 669
3261 0 3947
3261 0 1028
3261 0 898
3264 0 1302
3264 0 590
3264 0 1528
3267 0 642
3269 0 2341
3275 0 1084
3275 0 2795
3275 0 374
3275 0 920
3275 0 3924
3275 0 2739
3275 0 431
3275 0 1790
3275 0 3018
3275 0 675
3275 0 1860
3275 0 3953
3275 0 1763
3275 0 431
3275 0 251
3279 0 409
3283 0 404
3283 0 3521
3283 0 3438
3283 0 3288
3283 0 3811
3283 0 3837
3284 0 1064
3287 0 3629
3287 0 2842
3291 0 1144
3295 0 1911
3306 0 3133
3306 0 3164
3306 0 519
3307 0 2933
3308 0 1141
3315 0 401
3315 0 3832
3315 0 2455
3315 0 3710
3315 0 2128
3315 0 3975
3315 0 495
3316 0 1579
3319 0 1997
3319 0 1862
3319 0 1082
3321 0 2808
3321 0 1735
3321 0 1260
3323 0 3632
3323 0 2066
3328 0 1074
3328 0 2596
3328 0 3178
3333 0 1616
3336 0 1720
3344 0 299
3346 0 1644
3351 0 3526
3352 0 2854
3352 0 2321
3352 0 1797
3355 0 1999
3355 0 2791
3356 0 1527
3356 0 3866
3356 0 2903
3362 0 48
3362 0 428
3362 0 2190
3362 0 3710
3362 0 3055
3362 0 2696
3368 0 1524
3369 0 413
3369 0 1711
3369 0 3301
3369 0 2427
3381 0 3628
3381 0 2526
3382 0 844
3382 0 1414
3383 0 1886
3383 0 1610
3383 0 2399
3384 0 1954
3384 0 3898
3384 0 1114
3384 0 1134
3384 0 2047
3385 0 1970
3385 0 2813
3385 0 220
3385 0 2883
3386 0 1462
3386 0 3674
3393 0 3027
3397 0 1409
3397 0 3648
3397 0 942
3398 0 3048
3398 0 1095
3400 0 1464
3403 0 252
3403 0 2655
3404 0 1577
3404 0 109
3408 0 3473
3410 0 1650
3414 0 1648
3414 0 1891
3415 0 2033
3422 0 249
3424 0 312
3425 0 1985
3425 0 3328
3425 0 486
3425 0 1837
3428 0 1653
3428 0 1219
3430 0 532
3430 0 823
3430 0 665
3430 0 1737
3430 0 2812
3430 0 1506
3431 0 601
3439 0 979
3440 0 1236
3440 0 3839
3445 0 1108
3454 0 947
3454 0 818
3454 0 2106
3462 0 3646
3468 0 1243
3470 0 3790
3470 0 552
3470 0 2242
3470 0 1516
3470 0 2213
3471 0 1805
3476 0 2535
3476 0 1844
3476 0 3539
3476 0 3785
3476 0 3037
3476 0 2079
3476 0 1369
3476 0 1278
3476 0 1253
3476 0 559
3476 0 1486
3476 0 1916
3476 0 3374
3476 0 2017
3476 0 739
3476 0 2820
3476 0 140
3476 0 3542
3476 0 2238
3476 0 3555
3476 0 1318
3476 0 575
3476 0 1568
3476 0 2081
3476 0 2729
3476 0 940
3476 0 2121
3476 0 1996
3476 0 786
3476 0 436
3476 0 3420
3476 0 3105
3476 0 228
3476 0 3967
3476 0 1336
3484 0 3500
3491 0 2404
3491 0 1575
3491 0 838
3493 0 1470
3495 0 3609
3495 0 533
3497 0 3909
3500 0 3874
3501 0 144
3506 0 1796
3521 0 3667
3523 0 2664
3524 0 2197
3529 0 2902
3529 0 723
3529 0 3011
3533 0 3595
3533 0 3074
3536 0 100
3536 0 969
3540 0 829
3540 0 3141
3540 0 3926
3540 0 38
3540 0 1918
3540 0 2421
3542 0 1056
3542 0 167
3542 0 1317
3542 0 1848
3542 0 3863
3544 0 3995
3544 0 209
3544 0 3575
3548 0 1884
3550 0 1879
3550 0 84
3550 0 1161
3553 0 591
3554 0 1884
3554 0 1493
3556 0 1039
3558 0 2950
3558 0 2695
3558 0 764
3558 0 2200
3559 0 1719
3559 0 3989
3559 0 1105
3559 0 117
3559 0 3851
3559 0 1944
3559 0 2683
3559 0 578
3559 0 474
3560 0 2285
3565 0 1026
3565 0 3158
3566 0 3768
3566 0 3453
3566 0 1466
3569 0 1679
3569 0 2170
3570 0 3148
3570 0 246
3570 0 2279
3570 0 2815
3581 0 3745
3582 0 2644
3582 0 3089
3582 0 616
3582 0 2609
3582 0 2089
3582 0 3198
3582 0 3497
3582 0 2768
3582 0 1059
3583 0 3001
3583 0 730
3583 0 887
3583 0 882
3585 0 3235
3585 0 361
3585 0 3851
3585 0 2798
3585 0 2134
3585 0 3458
3585 0 936
3585 0 3156
3585 0 1905
3585 0 1185
3585 0 2179
3585 0 608
3588 0 944
3588 0 2990
3588 0 3054
3588 0 3477
3589 0 1122
3594 0 3843
3596 0 2878
3601 0 2580
3602 0 726
3607 0 1712
3610 0 840
3610 0 3986
3618 0 855
3619 0 1815
3619 0 3088
3622 0 391
3629 0 2599
3629 0 3656
3629 0 1461
3629 0 3743
3629 0 3182
3629 0 250
3629 0 701
3629 0 1515
3629 0 2201
3629 0 1390
3629 0 568
3629 0 3483
3629 0 1595
3629 0 448
3629 0 3937
3636 0 371
3638 0 2563
3638 0 3162
3641 0 1675
3657 0 1047
3662 0 1782
3662 0 1164
3662 0 652
3662 0 440
3662 0 1490
3662 0 780
3662 0 3144
3662 0 1177
3662 0 1374
3662 0 2659
3663 0 3428
3663 0 598
3671 0 1467
3671 0 46
3673 0 3442
3681 0 3908
3684 0 3169
3684 0 720
3697 0 870
3699 0 3240
3699 0 201
3699 0 101
3699 0 472
3699 0 1341
3699 0 664
3699 0 1435
3706 0 1553
3707 0 2327
3713 0 2862
3715 0 185
3715 0 1560
3715 0 3391
3719 0 1635
3719 0 2970
3720 0 1077
3720 0 3894
3722 0 923
3724 0 3616
3732 0 3795
3738 0 2711
3738 0 1813
3741 0 3577
3741 0 3302
3741 0 983
3741 0 3976
3741 0 2835
3741 0 2823
3741 0 1359
3741 0 1586
3741 0 2594
3741 0 3160
3741 0 198
3742 0 247
3744 0 847
3752 0 1345
3753 0 2748
3757 0 1825
3757 0 2842
3758 0 2129
3764 0 2029
3764 0 342
3764 0 2239
3770 0 972
3772 0 3687
3772 0 3205
3776 0 1245
3776 0 1356
3776 0 2369
3776 0 306
3776 0 378
3776 0 3936
3780 0 2140
3780 0 2922
3781 0 3779
3788 0 1129
3788 0 1559
3793 0 3276
3793 0 2992
3796 0 874
3796 0 2308
3797 0 3404
3797 0 3625
3799 0 1823
3800 0 1700
3800 0 2282
3800 0 2257
3800 0 3763
3800 0 3889
3800 0 2133
3800 0 2351
3800 0 577
3800 0 1240
3800 0 3587
3800 0 3214
3800 0 3548
3800 0 2174
3800 0 1564
3800 0 3658
3804 0 2191
3804 0 2002
3807 0 3447
3807 0 1949
3807 0 3591
3807 0 1707
3807 0 340
3807 0 3336
3807 0 3423
3807 0 1494
3807 0 1693
3811 0 1819
3818 0 857
3818 0 1996
3818 0 2404
3818 0 759
3818 0 2463
3818 0 3527
3818 0 3394
3823 0 2184
3823 0 162
3824 0 598
3826 0 877
3826 0 3255
3827 0 2796
3829 0 2198
3829 0 401
3829 0 2903
3829 0 3903
3829 0 3835
3829 0 854
3829 0 3089
3829 0 2520
3829 0 2949
3829 0 3973
3840 0 1361
3841 0 609
3843 0 260
3848 0 918
3848 0 2493
3848 0 972
3848 0 3864
3848 0 3784
3848 0 152
3848 0 3762
3848 0 1558
3848 0 3944
3848 0 1258
3848 0 1231
3848 0 862
3848 0 1139
3848 0 2147
3848 0 2822
3848 0 3197
3848 0 1052
3849 0 1613
3849 0 1520
3849 0 954
3849 0 1115
3849 0 2699
3849 0 2780
3849 0 2259
3849 0 3884
3878 0 2719
3887 0 2555
3889 0 2940
3889 0 1627
3894 0 865
3896 0 2915
3896 0 3980
3897 0 2176
3897 0 1051
3897 0 3047
3897 0 2177
3897 0 2194
3897 0 2261
3897 0 1178
3897 0 243
3897 0 837
3897 0 1695
3897 0 3582
3897 0 1541
3898 0 3714
3898 0 3804
3898 0 761
3899 0 965
3900 0 191
3900 0 3297
3900 0 3199
3900 0 3883
3901 0 3848
3902 0 1072
3905 0 3561
3917 0 1389
3920 0 2060
3927 0 2051
3936 0 3817
3941 0 876
3941 0 517
3941 0 2433
3941 0 3307
3941 0 3533
3948 0 3978
3949 0 1546
3953 0 82
3953 0 235
3956 0 553
3956 0 3834
3956 0 2397
3956 0 2102
3956 0 1024
3956 0 3992
3956 0 1639
3956 0 1799
3958 0 3862
3959 0 2366
3959 0 3761
3965 0 917
3966 0 3430
3981 0 1816
3983 0 589
3985 0 1148
3996 0 2506
3996 0 1795
3997 0 1607
3997 0 3953
3997 0 3967
3998 0 3662
3998 0 1328
3998 0 1890
3998 0 263
3999 0 2154
3999 0 3029
3999 0 2155
3999 0 2054
3999 0 2790
3999 0 1986
